   1.0000000000000000e+00   2.0000000000000000e+01   2.7000000000000000e+02   1.9213059999999999e+01   1.3893052405999998e-01   1.6713456000000001e+03   1.8214999999999999e+00   1.8206000000000000e-02
   2.0000000000000000e+00   4.0000000000000000e+01   2.7000000000000000e+02   2.9854740000000000e+01   4.8703811221999999e-01   1.6735157799999999e+03   7.5634000000000001e-01   7.5579000000000002e-03
   5.0000000000000000e+00   1.0000000000000000e+02   2.7000000000000000e+02   9.5519289999999998e+01   4.6824650907599992e+00   1.6753110500000000e+03   7.4045000000000000e-02   7.4041000000000005e-04
   8.0000000000000000e+00   1.6000000000000000e+02   2.7000000000000000e+02   2.1142774000000000e+02   9.3228657067199983e+00   1.6759383900000000e+03   1.5124000000000000e-02   1.5112000000000000e-04
   1.0000000000000000e+01   2.0000000000000000e+02   2.7000000000000000e+02   2.7741224000000000e+02   1.1182840210839998e+01   1.6762949699999999e+03   8.7889000000000005e-03   8.7806999999999995e-05
   2.0000000000000000e+01   4.0000000000000000e+02   2.7000000000000000e+02   4.9235516999999999e+02   1.7308018019220000e+01   1.6780302999999999e+03   2.7959000000000000e-03   2.7946000000000000e-05
   4.0000000000000000e+01   8.0000000000000000e+02   2.7000000000000000e+02   7.3681614000000002e+02   2.5970940532039997e+01   1.6814829299999999e+03   1.2535999999999999e-03   1.2527999999999999e-05
   7.0000000000000000e+01   1.4000000000000000e+03   2.7000000000000000e+02   9.7254439000000002e+02   3.6011049437539995e+01   1.6866582900000001e+03   7.2397000000000000e-04   7.2280000000000001e-06
   1.0000000000000000e+00   2.0000000000000000e+01   2.7500000000000000e+02   1.8920259999999999e+01   1.3350108029999999e-01   1.6866393200000000e+03   1.9128000000000001e+00   1.9119000000000001e-02
   2.0000000000000000e+00   4.0000000000000000e+01   2.7500000000000000e+02   2.9213809999999999e+01   4.5008914455999999e-01   1.6888697500000001e+03   8.0445000000000000e-01   8.0374999999999995e-03
   5.0000000000000000e+00   1.0000000000000000e+02   2.7500000000000000e+02   8.9265590000000003e+01   4.3399632084399995e+00   1.6907139600000000e+03   8.6348999999999995e-02   8.6269000000000005e-04
   8.0000000000000000e+00   1.6000000000000000e+02   2.7500000000000000e+02   2.0132347999999999e+02   9.0837124411599994e+00   1.6913537600000000e+03   1.6989000000000001e-02   1.6971000000000000e-04
   1.0000000000000000e+01   2.0000000000000000e+02   2.7500000000000000e+02   2.6745871000000000e+02   1.0994430135480000e+01   1.6917082000000000e+03   9.6299000000000003e-03   9.6250999999999997e-05
   2.0000000000000000e+01   4.0000000000000000e+02   2.7500000000000000e+02   4.8335646000000003e+02   1.7135881964299998e+01   1.6934251300000001e+03   2.9545000000000001e-03   2.9496999999999999e-05
   4.0000000000000000e+01   8.0000000000000000e+02   2.7500000000000000e+02   7.2760004000000004e+02   2.5712645809159998e+01   1.6968391099999999e+03   1.3091000000000001e-03   1.3074000000000001e-05
   7.0000000000000000e+01   1.4000000000000000e+03   2.7500000000000000e+02   9.6243331999999998e+02   3.5617280444759992e+01   1.7019572000000001e+03   7.5272999999999996e-04   7.5220000000000001e-06
   1.0000000000000000e+00   2.0000000000000000e+01   2.8000000000000000e+02   1.8637899999999998e+01   1.2866848827999999e-01   1.7017907800000000e+03   2.0068000000000001e+00   2.0052000000000000e-02
   2.0000000000000000e+00   4.0000000000000000e+01   2.8000000000000000e+02   2.8622740000000000e+01   4.1719354333999997e-01   1.7040842399999999e+03   8.5319000000000000e-01   8.5246000000000002e-03
   5.0000000000000000e+00   1.0000000000000000e+02   2.8000000000000000e+02   8.3615120000000005e+01   4.0064669138999998e+00   1.7059749800000000e+03   1.0020000000000000e-01   1.0018000000000000e-03
   8.0000000000000000e+00   1.6000000000000000e+02   2.8000000000000000e+02   1.9136886000000001e+02   8.8241951734599997e+00   1.7066293800000001e+03   1.9143000000000000e-02   1.9141000000000001e-04
   1.0000000000000000e+01   2.0000000000000000e+02   2.8000000000000000e+02   2.5753174000000001e+02   1.0809194533339999e+01   1.7069821099999999e+03   1.0574999999999999e-02   1.0560000000000001e-04
   2.0000000000000000e+01   4.0000000000000000e+02   2.8000000000000000e+02   4.7441341000000000e+02   1.6948509018859998e+01   1.7086812900000000e+03   3.1224000000000000e-03   3.1195999999999997e-05
   4.0000000000000000e+01   8.0000000000000000e+02   2.8000000000000000e+02   7.1850766999999996e+02   2.5456920003299999e+01   1.7120576500000000e+03   1.3667000000000000e-03   1.3644000000000000e-05
   7.0000000000000000e+01   1.4000000000000000e+03   2.8000000000000000e+02   9.5249983999999995e+02   3.5263046297659997e+01   1.7171199500000000e+03   7.8226999999999995e-04   7.8138999999999998e-06
   1.0000000000000000e+00   2.0000000000000000e+01   2.8500000000000000e+02   1.8365150000000000e+01   1.2425871431999998e-01   1.7168035700000000e+03   2.1034999999999999e+00   2.1024999999999999e-02
   2.0000000000000000e+00   4.0000000000000000e+01   2.8500000000000000e+02   2.8074809999999999e+01   3.8786444357999994e-01   1.7191629000000000e+03   9.0258000000000005e-01   9.0194999999999997e-03
   5.0000000000000000e+00   1.0000000000000000e+02   2.8500000000000000e+02   7.8534109999999998e+01   3.6949051986999994e+00   1.7210978600000001e+03   1.1561000000000000e-01   1.1550000000000000e-03
   8.0000000000000000e+00   1.6000000000000000e+02   2.8500000000000000e+02   1.8160427000000001e+02   8.5635289860199997e+00   1.7217689000000000e+03   2.1635999999999999e-02   2.1604000000000000e-04
   1.0000000000000000e+01   2.0000000000000000e+02   2.8500000000000000e+02   2.4763907000000000e+02   1.0605857406280000e+01   1.7221203599999999e+03   1.1641000000000000e-02   1.1632000000000000e-04
   2.0000000000000000e+01   4.0000000000000000e+02   2.8500000000000000e+02   4.6552197000000001e+02   1.6763184957759997e+01   1.7238024800000001e+03   3.3005000000000000e-03   3.3003999999999998e-05
   4.0000000000000000e+01   8.0000000000000000e+02   2.8500000000000000e+02   7.0952970000000005e+02   2.5178558230159997e+01   1.7271422000000000e+03   1.4262999999999999e-03   1.4262000000000000e-05
   7.0000000000000000e+01   1.4000000000000000e+03   2.8500000000000000e+02   9.4273235000000000e+02   3.4912335250580000e+01   1.7321501000000001e+03   8.1260000000000002e-04   8.1159999999999999e-06
   1.0000000000000000e+00   2.0000000000000000e+01   2.9000000000000000e+02   1.8101559999999999e+01   1.2035972221999999e-01   1.7316813199999999e+03   2.2029000000000001e+00   2.2001000000000000e-02
   2.0000000000000000e+00   4.0000000000000000e+01   2.9000000000000000e+02   2.7564380000000000e+01   3.6168091531999996e-01   1.7341092000000001e+03   9.5267000000000002e-01   9.5219999999999992e-03
   5.0000000000000000e+00   1.0000000000000000e+02   2.9000000000000000e+02   7.3979799999999997e+01   3.4007699498399995e+00   1.7360862400000001e+03   1.3256000000000001e-01   1.3242000000000000e-03
   8.0000000000000000e+00   1.6000000000000000e+02   2.9000000000000000e+02   1.7206920000000000e+02   8.2774039487400000e+00   1.7367757600000000e+03   2.4523000000000000e-02   2.4498000000000000e-04
   1.0000000000000000e+01   2.0000000000000000e+02   2.9000000000000000e+02   2.3779528999999999e+02   1.0395949461339999e+01   1.7371264799999999e+03   1.2845000000000001e-02   1.2841999999999999e-04
   2.0000000000000000e+01   4.0000000000000000e+02   2.9000000000000000e+02   4.5667845999999997e+02   1.6596467638939998e+01   1.7387922200000000e+03   3.4895000000000000e-03   3.4873000000000003e-05
   4.0000000000000000e+01   8.0000000000000000e+02   2.9000000000000000e+02   7.0066687000000002e+02   2.4953073198299997e+01   1.7420962400000001e+03   1.4880000000000000e-03   1.4859000000000000e-05
   7.0000000000000000e+01   1.4000000000000000e+03   2.9000000000000000e+02   9.3312302000000000e+02   3.4565112263840000e+01   1.7470511100000001e+03   8.4376000000000004e-04   8.4286999999999994e-06
   1.0000000000000000e+00   2.0000000000000000e+01   2.9500000000000000e+02   1.7846419999999998e+01   1.1669965675999998e-01   1.7464272699999999e+03   2.3050999999999999e+00   2.3033000000000001e-02
   2.0000000000000000e+00   4.0000000000000000e+01   2.9500000000000000e+02   2.7086700000000000e+01   3.3827843955999998e-01   1.7489264499999999e+03   1.0035000000000001e+00   1.0031999999999999e-02
   5.0000000000000000e+00   1.0000000000000000e+02   2.9500000000000000e+02   6.9906819999999996e+01   3.1269253865599995e+00   1.7509436599999999e+03   1.5100000000000000e-01   1.5085999999999999e-03
   8.0000000000000000e+00   1.6000000000000000e+02   2.9500000000000000e+02   1.6280855000000000e+02   7.9768848692800001e+00   1.7516532800000000e+03   2.7862999999999999e-02   2.7849999999999999e-04
   1.0000000000000000e+01   2.0000000000000000e+02   2.9500000000000000e+02   2.2801738000000000e+02   1.0180016016560000e+01   1.7520038199999999e+03   1.4211000000000000e-02   1.4206000000000001e-04
   2.0000000000000000e+01   4.0000000000000000e+02   2.9500000000000000e+02   4.4787616000000003e+02   1.6431408437460000e+01   1.7536538800000001e+03   3.6903000000000001e-03   3.6862000000000000e-05
   4.0000000000000000e+01   8.0000000000000000e+02   2.9500000000000000e+02   6.9190598999999997e+02   2.4704901859699998e+01   1.7569231199999999e+03   1.5520000000000000e-03   1.5506000000000000e-05
   7.0000000000000000e+01   1.4000000000000000e+03   2.9500000000000000e+02   9.2366458999999998e+02   3.4221342646339998e+01   1.7618262500000001e+03   8.7575000000000001e-04   8.7525999999999999e-06
   1.0000000000000000e+00   2.0000000000000000e+01   3.0000000000000000e+02   1.7599450000000001e+01   1.1337688849999998e-01   1.7610447999999999e+03   2.4100999999999999e+00   2.4083000000000000e-02
   2.0000000000000000e+00   4.0000000000000000e+01   3.0000000000000000e+02   2.6637750000000000e+01   3.1734086029999997e-01   1.7636178199999999e+03   1.0550999999999999e+00   1.0550000000000000e-02
   5.0000000000000000e+00   1.0000000000000000e+02   3.0000000000000000e+02   6.6268330000000006e+01   2.8722625585000001e+00   1.7656735400000000e+03   1.7088000000000000e-01   1.7087000000000001e-03
   8.0000000000000000e+00   1.6000000000000000e+02   3.0000000000000000e+02   1.5386609000000001e+02   7.6642612909199999e+00   1.7664046000000001e+03   3.1723000000000001e-02   3.1716999999999997e-04
   1.0000000000000000e+01   2.0000000000000000e+02   3.0000000000000000e+02   2.1832595000000001e+02   9.9586092064599985e+00   1.7667555900000000e+03   1.5762999999999999e-02   1.5742999999999999e-04
   2.0000000000000000e+01   4.0000000000000000e+02   3.0000000000000000e+02   4.3911022000000003e+02   1.6267990862219996e+01   1.7683906899999999e+03   3.9039000000000001e-03   3.8982000000000000e-05
   4.0000000000000000e+01   8.0000000000000000e+02   3.0000000000000000e+02   6.8324357999999995e+02   2.4459198754179997e+01   1.7716260299999999e+03   1.6184000000000001e-03   1.6181999999999999e-05
   7.0000000000000000e+01   1.4000000000000000e+03   3.0000000000000000e+02   9.1435297000000003e+02   3.3914874227139997e+01   1.7764786799999999e+03   9.0861000000000002e-04   9.0728000000000006e-06
   1.0000000000000000e+00   2.0000000000000000e+01   3.0500000000000000e+02   1.7360220000000002e+01   1.1025880835999997e-01   1.7755369800000001e+03   2.5179000000000000e+00   2.5179000000000000e-02
   2.0000000000000000e+00   4.0000000000000000e+01   3.0500000000000000e+02   2.6214120000000001e+01   2.9859357275999998e-01   1.7781863499999999e+03   1.1075999999999999e+00   1.1076000000000001e-02
   5.0000000000000000e+00   1.0000000000000000e+02   3.0500000000000000e+02   6.3019520000000000e+01   2.6409806817399999e+00   1.7802792199999999e+03   1.9209000000000001e-01   1.9204000000000001e-03
   8.0000000000000000e+00   1.6000000000000000e+02   3.0500000000000000e+02   1.4528342000000001e+02   7.3418430242600001e+00   1.7810327400000001e+03   3.6173999999999998e-02   3.6162999999999999e-04
   1.0000000000000000e+01   2.0000000000000000e+02   3.0500000000000000e+02   2.0874350999999999e+02   9.7128501365799984e+00   1.7813848599999999e+03   1.7530000000000000e-02   1.7526999999999999e-04
   2.0000000000000000e+01   4.0000000000000000e+02   3.0500000000000000e+02   4.3037468999999999e+02   1.6090108126239997e+01   1.7830057400000001e+03   4.1314000000000003e-03   4.1307999999999998e-05
   4.0000000000000000e+01   8.0000000000000000e+02   3.0500000000000000e+02   6.7467654000000005e+02   2.4240156004299998e+01   1.7862080300000000e+03   1.6872000000000000e-03   1.6860000000000001e-05
   7.0000000000000000e+01   1.4000000000000000e+03   3.0500000000000000e+02   9.0517561999999998e+02   3.3577571670039994e+01   1.7910114000000001e+03   9.4236000000000005e-04   9.4196000000000004e-06
